-0.585574,-0.730486,-0.351417,0.109328,0.810308,-0.539494,-0.228794,-0.042142,-0.022457,-0.418732,0.907832,0.762022
-0.654830,-0.706526,-0.268362,0.133251,0.755239,-0.598343,-0.267581,-0.032018,0.028480,-0.377898,0.925409,0.753726
-0.624875,-0.678931,-0.385466,0.122991,0.779775,-0.567083,-0.265269,-0.069841,-0.038492,-0.466337,0.883769,0.845113
-0.695649,-0.606142,-0.385570,0.089672,0.712793,-0.649212,-0.265424,-0.014555,-0.089432,-0.459474,0.883677,0.847183
-0.731530,-0.637279,-0.242360,0.108883,0.681663,-0.676261,-0.279297,0.004994,0.014091,-0.369522,0.929115,0.782174
-0.695687,-0.606183,-0.385438,0.027476,0.712775,-0.649200,-0.265502,-0.018881,-0.089283,-0.459437,0.883712,0.862092
-0.720569,-0.627796,-0.294368,0.109542,0.692982,-0.666466,-0.274951,-0.011356,-0.023573,-0.402113,0.915287,0.836440
-0.946282,-0.297916,-0.125684,0.117013,0.320885,-0.817410,-0.478407,-0.017952,0.039790,-0.493038,0.869097,0.834394
-0.932729,-0.360051,-0.019486,0.188925,0.331154,-0.833983,-0.441372,0.015063,0.142666,-0.418133,0.897113,0.765025
-0.910141,-0.337956,0.239645,0.168119,0.252360,-0.910972,-0.326257,0.066381,0.328571,-0.236463,0.914400,0.637877
-0.878946,-0.307480,0.364569,0.144269,0.222309,-0.940439,-0.257204,0.085474,0.421940,-0.145022,0.894950,0.574624
-0.911684,-0.339427,0.231563,0.116031,0.254527,-0.908936,-0.330230,0.031710,0.322565,-0.242127,0.915056,0.658402
-0.900183,-0.328191,0.286289,0.092129,0.240530,-0.922661,-0.301401,0.032163,0.363065,-0.202455,0.909503,0.633834
-0.920418,-0.301221,0.249192,0.059127,0.247278,-0.942294,-0.225687,0.088604,0.302793,-0.146107,0.941790,0.638122
-0.950454,-0.075947,0.301445,0.038780,0.008242,-0.975514,-0.219785,0.084144,0.310756,-0.206411,0.927807,0.643579
-0.919526,-0.252282,0.301374,0.136444,0.190444,-0.956765,-0.219847,0.051509,0.343807,-0.144761,0.927815,0.604095
-0.900246,-0.224601,0.372976,0.146686,0.179808,-0.971993,-0.151321,0.089511,0.396517,-0.069162,0.915419,0.547950
-0.935911,-0.275811,0.219085,0.183605,0.206548,-0.933560,-0.292922,0.067166,0.285320,-0.228897,0.930698,0.652733
-0.964473,-0.147347,0.219273,0.113162,0.079028,-0.952921,-0.292740,0.093573,0.252084,-0.265012,0.930711,0.677591
-0.953046,-0.134821,0.271159,0.123258,0.066386,-0.966662,-0.247299,0.122656,0.295460,-0.217686,0.930224,0.638445
-0.969769,-0.153030,0.190077,0.077323,0.086866,-0.944393,-0.317138,0.066350,0.228039,-0.291039,0.929136,0.670232
-0.926937,-0.106489,0.359789,0.051056,0.049367,-0.985158,-0.164399,0.100281,0.371955,-0.134626,0.918436,0.560893
-0.901962,-0.132042,0.411132,0.089546,0.039948,-0.973533,-0.225026,0.060271,0.429964,-0.186541,0.883365,0.554353
-0.876041,0.098641,0.472040,0.081306,-0.193120,-0.968697,-0.155980,0.083864,0.441878,-0.227805,0.867669,0.551669
-0.846241,0.046426,0.530774,0.133498,-0.149579,-0.976834,-0.153038,0.080986,0.511373,-0.208900,0.833581,0.548055
